<?xml version="1.0"?>
<opencv_storage>
<KNearest>
<format>3</format>
<is_classifier>1</is_classifier>
<default_k>3</default_k>
<samples type_id="opencv-matrix">
  <rows>1</rows>
  <cols>600</cols>
  <dt>f</dt>
  <data>
    0. 0. 0. 0. 0. 0. 0. 0. 255. 255. 255. 193. 0. 0. 0. 0. 0. 0. 0. 0.
    0. 0. 0. 0. 0. 0. 0. 96. 255. 255. 255. 255. 96. 0. 0. 0. 0. 0. 0.
    0. 0. 0. 0. 0. 0. 0. 0. 95. 255. 255. 255. 255. 95. 0. 0. 0. 0. 0.
    0. 0. 0. 0. 0. 0. 0. 0. 0. 255. 255. 255. 255. 255. 255. 0. 0. 0. 0.
    0. 0. 0. 0. 0. 0. 0. 0. 0. 5. 255. 255. 32. 222. 255. 255. 0. 0. 0.
    0. 0. 0. 0. 0. 0. 0. 0. 0. 0. 32. 255. 255. 5. 32. 255. 255. 27. 0.
    0. 0. 0. 0. 0. 0. 0. 0. 0. 0. 0. 154. 255. 255. 0. 32. 255. 255.
    154. 0. 0. 0. 0. 0. 0. 0. 0. 0. 0. 0. 0. 255. 255. 255. 0. 24. 255.
    255. 255. 0. 0. 0. 0. 0. 0. 0. 0. 0. 0. 0. 0. 255. 255. 103. 0. 0.
    255. 255. 255. 0. 0. 0. 0. 0. 0. 0. 0. 0. 0. 0. 145. 255. 255. 95.
    0. 0. 151. 255. 255. 145. 0. 0. 0. 0. 0. 0. 0. 0. 0. 0. 223. 255.
    255. 0. 0. 0. 95. 255. 255. 223. 0. 0. 0. 0. 0. 0. 0. 0. 0. 0. 255.
    255. 250. 0. 0. 0. 0. 255. 255. 255. 0. 0. 0. 0. 0. 0. 0. 0. 0. 0.
    255. 255. 159. 0. 0. 0. 0. 255. 255. 255. 0. 0. 0. 0. 0. 0. 0. 0. 0.
    159. 255. 255. 0. 0. 0. 0. 0. 159. 255. 255. 159. 0. 0. 0. 0. 0. 0.
    0. 0. 173. 255. 250. 0. 0. 0. 0. 0. 135. 255. 255. 173. 0. 0. 0. 0.
    0. 0. 0. 0. 255. 255. 223. 0. 0. 0. 0. 0. 0. 255. 255. 255. 0. 0. 0.
    0. 0. 0. 0. 96. 255. 255. 100. 0. 0. 0. 0. 0. 0. 223. 255. 255. 53.
    0. 0. 0. 0. 0. 0. 135. 255. 255. 0. 0. 0. 0. 0. 0. 0. 0. 255. 255.
    135. 0. 0. 0. 0. 0. 0. 255. 255. 255. 0. 0. 0. 0. 0. 0. 0. 0. 255.
    255. 255. 0. 0. 0. 0. 0. 21. 255. 255. 255. 255. 255. 255. 255. 255.
    255. 255. 255. 255. 255. 255. 21. 0. 0. 0. 0. 32. 255. 255. 255.
    255. 255. 255. 255. 255. 255. 255. 255. 255. 255. 255. 32. 0. 0. 0.
    0. 255. 255. 255. 242. 242. 242. 242. 242. 242. 242. 242. 242. 244.
    255. 255. 255. 0. 0. 0. 0. 255. 255. 255. 0. 0. 0. 0. 0. 0. 0. 0. 0.
    8. 255. 255. 255. 0. 0. 0. 0. 255. 255. 96. 0. 0. 0. 0. 0. 0. 0. 0.
    0. 0. 255. 255. 255. 0. 0. 0. 223. 255. 255. 96. 0. 0. 0. 0. 0. 0.
    0. 0. 0. 0. 231. 255. 255. 223. 0. 0. 223. 255. 255. 14. 0. 0. 0. 0.
    0. 0. 0. 0. 0. 0. 96. 255. 255. 223. 0. 0. 255. 255. 255. 0. 0. 0.
    0. 0. 0. 0. 0. 0. 0. 0. 43. 255. 255. 255. 0. 159. 255. 255. 159. 0.
    0. 0. 0. 0. 0. 0. 0. 0. 0. 0. 0. 231. 255. 255. 159. 159. 255. 255.
    159. 0. 0. 0. 0. 0. 0. 0. 0. 0. 0. 0. 0. 159. 255. 255. 250. 193.
    255. 255. 56. 0. 0. 0. 0. 0. 0. 0. 0. 0. 0. 0. 0. 56. 255. 255. 255.</data></samples>
<responses type_id="opencv-matrix">
  <rows>1</rows>
  <cols>1</cols>
  <dt>f</dt>
  <data>
    65.</data></responses>
</KNearest>
</opencv_storage>
